254 253 251 251 252 254 254 254 254 254 253 252 251 251 253 254
253 220 179 179 206 224 231 227 233 230 209 206 179 179 220 253
251 179 114 104 154 160 188 157 204 160 141 154 104 114 179 251
251 179 104  86 154 157 136 112 152 169 149 154  86 104 179 251
252 193 132 137 138 161 124 161 114 106 125 155 154 154 206 252
253 200 132 168 125 133 107 138 162 129 145 119 168 156 205 252
252 203 183 173 112 117  88  84 171 124 125  98 161 116 195 252
252 221 197 144 140 141 103 164 189 180 123 102 140 121 180 251
253 220 129  67 103 144 125 196 173 111 154 168 152 100 197 252
253 212 146  87 106  88  58 101 193 153 150 116 136 112 182 251
253 209 159 158 118  94  98 108 106  70  95 100 118 127 209 253
252 198 154 150 145  90 119 185 204 109  76 127 119 113 183 251
251 179 104  86 137  96  99 150 219 104 149 127  99 119 178 251
251 179 114 104 132 145 115  90 118 112 136 105 137 137 195 252
253 220 179 179 193 211 196 207 195 189 192 204 231 208 227 253
254 253 251 251 252 253 252 253 252 252 252 253 254 252 253 254
254 253 251 251 252 254 254 254 254 254 253 252 251 251 253 254
253 220 179 179 206 224 231 227 233 230 209 206 179 179 220 253
251 179 114 104 154 160 188 157 204 160 141 154 104 114 179 251
251 179 104  86 154 157 136 112 152 169 149 154  86 104 179 251
252 193 132 137 138 161 124 161 114 106 125 155 154 154 206 252
253 200 132 168 125 133 107 138 162 129 145 119 168 156 205 252
252 203 183 173 112 117  88  84 171 124 125  98 161 116 195 252
252 221 197 144 140 141 103 164 189 180 123 102 140 121 180 251
253 220 129  67 103 144 125 196 173 111 154 168 152 100 197 252
253 212 146  87 106  88  58 101 193 153 150 116 136 112 182 251
253 209 159 158 118  94  98 108 106  70  95 100 118 127 209 253
252 198 154 150 145  90 119 185 204 109  76 127 119 113 183 251
251 179 104  86 137  96  99 150 219 104 149 127  99 119 178 251
251 179 114 104 132 145 115  90 118 112 136 105 137 137 195 252
253 220 179 179 193 211 196 207 195 189 192 204 231 208 227 253
254 253 251 251 252 253 252 253 252 252 252 253 254 252 253 254
254 253 251 251 252 254 254 254 254 254 253 252 251 251 253 254
253 220 179 179 206 224 231 227 233 230 209 206 179 179 220 253
251 179 114 104 154 160 188 157 204 160 141 154 104 114 179 251
251 179 104  86 154 157 136 112 152 169 149 154  86 104 179 251
252 193 132 137 138 161 124 161 114 106 125 155 154 154 206 252
253 200 132 168 125 133 107 138 162 129 145 119 168 156 205 252
252 203 183 173 112 117  88  84 171 124 125  98 161 116 195 252
252 221 197 144 140 141 103 164 189 180 123 102 140 121 180 251
253 220 129  67 103 144 125 196 173 111 154 168 152 100 197 252
253 212 146  87 106  88  58 101 193 153 150 116 136 112 182 251
253 209 159 158 118  94  98 108 106  70  95 100 118 127 209 253
252 198 154 150 145  90 119 185 204 109  76 127 119 113 183 251
251 179 104  86 137  96  99 150 219 104 149 127  99 119 178 251
251 179 114 104 132 145 115  90 118 112 136 105 137 137 195 252
253 220 179 179 193 211 196 207 195 189 192 204 231 208 227 253
254 253 251 251 252 253 252 253 252 252 252 253 254 252 253 254

255 253 251 251 253 253 253 251 253 252 253 252 251 252 254 255
253 220 179 179 206 205 196 180 197 182 209 184 178 195 228 254
251 179 115 105 154 156 116 121 100 112 128 114 120 137 209 253
251 179 105  87 154 169 162 140 152 136 119 119  99 137 231 255
253 206 154 154 156 120  99 103 168 116 100 127 128 105 205 253
253 210 141 150 125 146 125 124 154 151  95  77 150 136 192 252
255 230 161 170 106 129 124 181 111 153  71 109 104 113 189 252
254 233 205 153 114 162 171 190 173 193 106 205 220 118 196 253
254 227 158 112 162 138  85 164 196 102 108 185 150  90 208 254
254 231 189 136 125 107  88 103 125  58  98 119  99 115 196 252
254 225 161 158 162 134 118 141 144  88  94  90  96 146 211 253
253 206 154 154 139 126 112 141 103 107 118 145 137 133 194 252
251 179 105  87 137 168 173 145  67  87 158 150  87 105 179 251
251 179 115 105 133 132 184 198 129 147 160 154 105 115 179 251
253 220 179 179 194 201 203 222 221 213 210 199 179 179 220 253
255 253 251 251 252 253 252 253 254 253 253 252 251 251 253 255
255 253 251 251 253 253 253 251 253 252 253 252 251 252 254 255
253 220 179 179 206 205 196 180 197 182 209 184 178 195 228 254
251 179 115 105 154 156 116 121 100 112 128 114 120 137 209 253
251 179 105  87 154 169 162 140 152 136 119 119  99 137 231 255
253 206 154 154 156 120  99 103 168 116 100 127 128 105 205 253
253 210 141 150 125 146 125 124 154 151  95  77 150 136 192 252
255 230 161 170 106 129 124 181 111 153  71 109 104 113 189 252
254 233 205 153 114 162 171 190 173 193 106 205 220 118 196 253
254 227 158 112 162 138  85 164 196 102 108 185 150  90 208 254
254 231 189 136 125 107  88 103 125  58  98 119  99 115 196 252
254 225 161 158 162 134 118 141 144  88  94  90  96 146 211 253
253 206 154 154 139 126 112 141 103 107 118 145 137 133 194 252
251 179 105  87 137 168 173 145  67  87 158 150  87 105 179 251
251 179 115 105 133 132 184 198 129 147 160 154 105 115 179 251
253 220 179 179 194 201 203 222 221 213 210 199 179 179 220 253
255 253 251 251 252 253 252 253 254 253 253 252 251 251 253 255
255 253 251 251 253 253 253 251 253 252 253 252 251 252 254 255
253 220 179 179 206 205 196 180 197 182 209 184 178 195 228 254
251 179 115 105 154 156 116 121 100 112 128 114 120 137 209 253
251 179 105  87 154 169 162 140 152 136 119 119  99 137 231 255
253 206 154 154 156 120  99 103 168 116 100 127 128 105 205 253
253 210 141 150 125 146 125 124 154 151  95  77 150 136 192 252
255 230 161 170 106 129 124 181 111 153  71 109 104 113 189 252
254 233 205 153 114 162 171 190 173 193 106 205 220 118 196 253
254 227 158 112 162 138  85 164 196 102 108 185 150  90 208 254
254 231 189 136 125 107  88 103 125  58  98 119  99 115 196 252
254 225 161 158 162 134 118 141 144  88  94  90  96 146 211 253
253 206 154 154 139 126 112 141 103 107 118 145 137 133 194 252
251 179 105  87 137 168 173 145  67  87 158 150  87 105 179 251
251 179 115 105 133 132 184 198 129 147 160 154 105 115 179 251
253 220 179 179 194 201 203 222 221 213 210 199 179 179 220 253
255 253 251 251 252 253 252 253 254 253 253 252 251 251 253 255

254 253 252 254 253 252 252 252 253 252 253 252 251 251 253 254
253 227 208 231 204 192 189 195 207 196 211 193 179 179 220 253
252 195 137 137 105 136 112 118  90 115 145 132 104 114 179 251
251 178 119  99 127 149 104 219 150  99  96 137  86 104 179 251
251 183 113 119 127  76 109 204 185 119  90 145 150 154 198 252
253 209 127 118 100  95  70 106 108  98  94 118 158 159 209 253
251 182 112 136 116 150 153 193 101  58  88 106  87 146 212 253
252 197 100 152 168 154 111 173 196 125 144 103  67 129 220 253
251 180 121 140 102 123 180 189 164 103 141 140 144 197 221 252
252 195 116 161  98 125 124 171  84  88 117 112 173 183 203 252
252 205 156 168 119 145 129 162 138 107 133 125 168 132 200 253
252 206 154 154 155 125 106 114 161 124 161 138 137 132 193 252
251 179 104  86 154 149 169 152 112 136 157 154  86 104 179 251
251 179 114 104 154 141 160 204 157 188 160 154 104 114 179 251
253 220 179 179 206 209 230 233 227 231 224 206 179 179 220 253
254 253 251 251 252 253 254 254 254 254 254 252 251 251 253 254
254 253 252 254 253 252 252 252 253 252 253 252 251 251 253 254
253 227 208 231 204 192 189 195 207 196 211 193 179 179 220 253
252 195 137 137 105 136 112 118  90 115 145 132 104 114 179 251
251 178 119  99 127 149 104 219 150  99  96 137  86 104 179 251
251 183 113 119 127  76 109 204 185 119  90 145 150 154 198 252
253 209 127 118 100  95  70 106 108  98  94 118 158 159 209 253
251 182 112 136 116 150 153 193 101  58  88 106  87 146 212 253
252 197 100 152 168 154 111 173 196 125 144 103  67 129 220 253
251 180 121 140 102 123 180 189 164 103 141 140 144 197 221 252
252 195 116 161  98 125 124 171  84  88 117 112 173 183 203 252
252 205 156 168 119 145 129 162 138 107 133 125 168 132 200 253
252 206 154 154 155 125 106 114 161 124 161 138 137 132 193 252
251 179 104  86 154 149 169 152 112 136 157 154  86 104 179 251
251 179 114 104 154 141 160 204 157 188 160 154 104 114 179 251
253 220 179 179 206 209 230 233 227 231 224 206 179 179 220 253
254 253 251 251 252 253 254 254 254 254 254 252 251 251 253 254
254 253 252 254 253 252 252 252 253 252 253 252 251 251 253 254
253 227 208 231 204 192 189 195 207 196 211 193 179 179 220 253
252 195 137 137 105 136 112 118  90 115 145 132 104 114 179 251
251 178 119  99 127 149 104 219 150  99  96 137  86 104 179 251
251 183 113 119 127  76 109 204 185 119  90 145 150 154 198 252
253 209 127 118 100  95  70 106 108  98  94 118 158 159 209 253
251 182 112 136 116 150 153 193 101  58  88 106  87 146 212 253
252 197 100 152 168 154 111 173 196 125 144 103  67 129 220 253
251 180 121 140 102 123 180 189 164 103 141 140 144 197 221 252
252 195 116 161  98 125 124 171  84  88 117 112 173 183 203 252
252 205 156 168 119 145 129 162 138 107 133 125 168 132 200 253
252 206 154 154 155 125 106 114 161 124 161 138 137 132 193 252
251 179 104  86 154 149 169 152 112 136 157 154  86 104 179 251
251 179 114 104 154 141 160 204 157 188 160 154 104 114 179 251
253 220 179 179 206 209 230 233 227 231 224 206 179 179 220 253
254 253 251 251 252 253 254 254 254 254 254 252 251 251 253 254

255 253 251 251 252 253 253 254 253 252 253 252 251 251 253 255
253 220 179 179 199 210 213 221 222 203 201 194 179 179 220 253
251 179 115 105 154 160 147 129 198 184 132 133 105 115 179 251
251 179 105  87 150 158  87  67 145 173 168 137  87 105 179 251
252 194 133 137 145 118 107 103 141 112 126 139 154 154 206 253
253 211 146  96  90  94  88 144 141 118 134 162 158 161 225 254
252 196 115  99 119  98  58 125 103  88 107 125 136 189 231 254
254 208  90 150 185 108 102 196 164  85 138 162 112 158 227 254
253 196 118 220 205 106 193 173 190 171 162 114 153 205 233 254
252 189 113 104 109  71 153 111 181 124 129 106 170 161 230 255
252 192 136 150  77  95 151 154 124 125 146 125 150 141 210 253
253 205 105 128 127 100 116 168 103  99 120 156 154 154 206 253
255 231 137  99 119 119 136 152 140 162 169 154  87 105 179 251
253 209 137 120 114 128 112 100 121 116 156 154 105 115 179 251
254 228 195 178 184 209 182 197 180 196 205 206 179 179 220 253
255 254 252 251 252 253 252 253 251 253 253 253 251 251 253 255
255 253 251 251 252 253 253 254 253 252 253 252 251 251 253 255
253 220 179 179 199 210 213 221 222 203 201 194 179 179 220 253
251 179 115 105 154 160 147 129 198 184 132 133 105 115 179 251
251 179 105  87 150 158  87  67 145 173 168 137  87 105 179 251
252 194 133 137 145 118 107 103 141 112 126 139 154 154 206 253
253 211 146  96  90  94  88 144 141 118 134 162 158 161 225 254
252 196 115  99 119  98  58 125 103  88 107 125 136 189 231 254
254 208  90 150 185 108 102 196 164  85 138 162 112 158 227 254
253 196 118 220 205 106 193 173 190 171 162 114 153 205 233 254
252 189 113 104 109  71 153 111 181 124 129 106 170 161 230 255
252 192 136 150  77  95 151 154 124 125 146 125 150 141 210 253
253 205 105 128 127 100 116 168 103  99 120 156 154 154 206 253
255 231 137  99 119 119 136 152 140 162 169 154  87 105 179 251
253 209 137 120 114 128 112 100 121 116 156 154 105 115 179 251
254 228 195 178 184 209 182 197 180 196 205 206 179 179 220 253
255 254 252 251 252 253 252 253 251 253 253 253 251 251 253 255
255 253 251 251 252 253 253 254 253 252 253 252 251 251 253 255
253 220 179 179 199 210 213 221 222 203 201 194 179 179 220 253
251 179 115 105 154 160 147 129 198 184 132 133 105 115 179 251
251 179 105  87 150 158  87  67 145 173 168 137  87 105 179 251
252 194 133 137 145 118 107 103 141 112 126 139 154 154 206 253
253 211 146  96  90  94  88 144 141 118 134 162 158 161 225 254
252 196 115  99 119  98  58 125 103  88 107 125 136 189 231 254
254 208  90 150 185 108 102 196 164  85 138 162 112 158 227 254
253 196 118 220 205 106 193 173 190 171 162 114 153 205 233 254
252 189 113 104 109  71 153 111 181 124 129 106 170 161 230 255
252 192 136 150  77  95 151 154 124 125 146 125 150 141 210 253
253 205 105 128 127 100 116 168 103  99 120 156 154 154 206 253
255 231 137  99 119 119 136 152 140 162 169 154  87 105 179 251
253 209 137 120 114 128 112 100 121 116 156 154 105 115 179 251
254 228 195 178 184 209 182 197 180 196 205 206 179 179 220 253
255 254 252 251 252 253 252 253 251 253 253 253 251 251 253 255
